-33.343,26.180,60.877
-31.916,24.031,63.672
-33.501,20.580,63.455
-32.716,17.283,65.158
-33.120,14.410,62.707
-34.263,10.844,63.402
-32.407,7.553,62.945
-32.757,6.413,59.353
-32.911,9.958,57.984
-30.174,11.341,55.749
-28.249,14.590,55.396
-25.286,16.046,53.527
-21.937,16.611,55.249
-19.599,19.477,54.354
-16.209,18.305,55.616
-14.143,21.380,56.496
-10.576,21.862,57.717
-9.350,25.159,59.202
-12.598,26.855,58.194
-12.134,25.844,54.539
-14.554,23.310,52.997
-12.852,20.428,51.199
-15.622,17.959,50.331
-19.322,17.178,50.492
-21.078,13.816,50.757
-24.341,12.272,51.923
-24.686,10.612,55.328
-27.407,8.712,57.171
-28.039,8.638,60.908
-27.706,5.007,61.960
-30.232,3.495,64.402
-27.464,3.550,67.044
-27.065,7.335,66.535
-23.727,7.085,64.718
-22.771,8.078,61.184
-20.306,6.485,58.764
-18.490,9.579,57.540
-14.974,10.612,56.546
-13.339,12.882,59.131
-9.684,13.609,59.906
-7.978,15.712,62.559
-9.293,19.269,62.548
-12.628,18.343,60.945
-14.607,19.162,64.101
-17.189,21.858,63.556
-18.140,20.326,60.210
-21.911,20.554,59.865
-24.540,18.274,58.391
-27.490,19.848,56.642
-30.535,19.417,54.444